  -7.3402240e-58
   1.3564973e-55
  -9.8274435e-54
   3.2478813e-52
  -3.3027254e-51
  -4.9348938e-50
  -3.1189061e-49
   4.9436195e-47
   7.0615359e-47
   1.6888699e-45
  -1.1627336e-42
   2.1148663e-41
  -2.4948131e-41
   2.7451376e-39
  -5.0225244e-38
  -1.4241001e-36
   3.8331602e-35
  -1.8893702e-33
   2.1472043e-32
   1.2121712e-30
  -1.0907177e-29
  -6.4626139e-28
   1.2472325e-26
  -3.6769194e-25
   1.4025422e-23
  -2.0901737e-22
   2.5041361e-21
  -7.5617003e-20
   3.1878965e-19
   2.7350191e-17
   2.4496340e-17
  -7.0231472e-15
  -4.6090953e-13
   1.7508735e-11
  -4.7547296e-11
  -9.3643891e-09
   2.8282979e-07
  -4.5913884e-06
   4.9577045e-05
  -3.7738967e-04
   2.0425626e-03
  -7.6443909e-03
   1.8152485e-02
  -2.0624074e-02
  -6.7163733e-03
   1.7558697e-02
   7.8438275e-02
   1.7061101e-02
  -7.4469131e-01
   1.0004680e+00
